35,3
35,2
35,1
35,0
0,371
0,370
0,369
34,4
34,3
34,2
0,368
34,1
34,0
0,367
0,366
0,365
0,364
33,4
0,363
0,362
0,361
33,3
33,2
0,360
33,1
33,0
0,359
0,358
32,3
32,2
0,357
32,1
32,0
0,356
0,355
0,354
0,353
0,352
0,351
0,350
0,349
0,348
0,347
0,346
0,345
0,344
0,343
0,342
0,341
0,340
0,339
0,338
0,337
0,336
0,278
0,335
0,334
0,333
0,332
0,331
0,330
31,3
31,2
0,329
31,1
31,0
0,328
0,327
0,326
0,325
0,324
0,323
0,322
30,4
0,321
30,3
30,2
30,1
30,0
0,320
0,319
29,4
29,3
29,2
29,1
29,0
28,3
28,2
28,1
28,0
17,2
17,1
17,3
15,2
15,1
15,3
16,2
16,1
16,3
13,2
14,2
4,39
4,40
4,4
